20
4 7 1 8 2 1 91 5 417 2 35 5 8 9 1 2 0 3 20 3
12 4 6 7 81 2 4 7 1 2 2 4 7 9 1 8 2 3 4 5 
4 1 19 3 117 2 1 9 3 4 2 6 4 3 8 9 10 3 4 5
9 5 1 8 7 4 3 2 28 21 57 4 1 0 9 7 65 4 3 2
3 9 1 3 57 4 0 2 4 5 3 57 17 2 0 9 3 47 3 2
4 7 1 81 2 1 9 5 4 2 3 5 81 9 1 2 0 3 20 3
12 4 6 7 81 2 4 7 1 2 271 4 7 9 1 8 2 3 4 5 
4 1 19 3 7 2 1 9 3 4 472 6 4 3 8 9 10 3 41 5
9 5 1 8 7 4 3 2 28 21 57 4 1 0 9 7 65 48 3 2
3 9 1 3 57 4 0 2 4 52 3 5 1 2 0 9 3 47 3 2
4 7 1 81 2 1 9 5 4 2 31 5 82 9 1 2 0 3 20 3
12 4 6 7 81 2 4 7 1 2 217 42 7 9 1 8 2 3 4 5 
4 1 19 3 7 2 1 9 3 4 2 61 4 3 8 9 10 3 4 5
9 5 1 8 7 4 3 2 28 21 507 4 1 0 9 7 65 4 3 2
3 9 1 3 57 4 0 2 4 5 123 5 1 2 0 9 3 47 3 2
4 7 1 81 2 1 9 5 4 223 3 5 8 9 1 2 0 3 20 3
12 4 6 7 81 2 4 751 1 2 2 4 7 9 1 81 2 3 4 5 
4 1 19 3 7 2 1 91 34 4 2 6 4 3 8 9 10 3 4 5
9 5 1 8 7 4 3 2 281 21 57 4 1 0 9 7 65 41 3 2
3 9 1 3 57 4 0 211 4 5 3 5 1 2 0 91 3 47 3 2